              precision    recall  f1-score   support

          78       0.00      0.00      0.00         7
          79       0.00      0.00      0.00         1
          80       0.00      0.00      0.00         2
          81       0.00      0.00      0.00         0
          82       0.00      0.00      0.00         2
          83       0.00      0.00      0.00         1
          84       0.00      0.00      0.00         1
          85       0.00      0.00      0.00         3
          86       0.00      0.00      0.00         3
          88       1.00      0.50      0.67         4
          89       1.00      0.20      0.33         5
          90       0.00      0.00      0.00         1
          91       1.00      1.00      1.00         1
          93       0.00      0.00      0.00         0
          94       0.00      0.00      0.00         2
          95       1.00      1.00      1.00         1
          96       0.00      0.00      0.00         0
          97       0.00      0.00      0.00         0
          98       0.50      1.00      0.67         1
          99       0.00      0.00      0.00         1
         100       0.50      1.00      0.67         1
         102       0.00      0.00      0.00         3
         103       0.00      0.00      0.00         0
         104       0.00      0.00      0.00         0
         105       0.00      0.00      0.00         0
         106       0.75      0.60      0.67         5
         107       0.00      0.00      0.00         5
         108       0.00      0.00      0.00         5
         109       0.00      0.00      0.00         1
         110       0.00      0.00      0.00         0
         111       0.00      0.00      0.00         0
         112       0.00      0.00      0.00         0
         113       0.00      0.00      0.00         0
         114       0.00      0.00      0.00         0
         115       0.00      0.00      0.00         3
         116       0.00      0.00      0.00         0
         117       0.00      0.00      0.00         3
         118       0.00      0.00      0.00         2
         120       1.00      0.50      0.67         4
         121       0.00      0.00      0.00         1
         122       0.00      0.00      0.00         0
         123       0.00      0.00      0.00         1
         124       0.00      0.00      0.00         0
         125       0.00      0.00      0.00         3
         126       0.00      0.00      0.00         2
         127       0.00      0.00      0.00         0
         128       0.00      0.00      0.00         0
         129       0.00      0.00      0.00         0
         130       0.00      0.00      0.00         0
         131       0.00      0.00      0.00         0
         132       0.00      0.00      0.00         2
         133       0.00      0.00      0.00         0
         134       0.00      0.00      0.00         0
         135       0.00      0.00      0.00         3
         136       0.00      0.00      0.00         5
         137       0.00      0.00      0.00         1
         138       0.00      0.00      0.00         1
         139       0.00      0.00      0.00         0
         140       0.00      0.00      0.00         0
         141       0.00      0.00      0.00         1
         142       0.00      0.00      0.00         0
         143       0.00      0.00      0.00         0
         144       0.00      0.00      0.00         0
         145       0.00      0.00      0.00         1
         146       0.00      0.00      0.00         1
         148       0.00      0.00      0.00         0
         149       0.00      0.00      0.00         1
         150       0.00      0.00      0.00         0
         151       0.00      0.00      0.00         1
         152       0.00      0.00      0.00         1
         153       0.00      0.00      0.00         0
         154       0.25      1.00      0.40         1

    accuracy                           0.14        94
   macro avg       0.10      0.09      0.08        94
weighted avg       0.21      0.14      0.15        94
