              precision    recall  f1-score   support

           5       0.00      0.00      0.00         0
          15       0.00      0.00      0.00         0
          22       0.00      0.00      0.00         0
          23       0.00      0.00      0.00         0
          24       0.75      0.75      0.75         4
          25       0.00      0.00      0.00         0
          26       0.00      0.00      0.00         0
          27       0.00      0.00      0.00         1

    accuracy                           0.60         5
   macro avg       0.09      0.09      0.09         5
weighted avg       0.60      0.60      0.60         5
