              precision    recall  f1-score   support

          13       0.52      0.88      0.65        16
          14       1.00      0.56      0.71         9
          15       0.00      0.00      0.00         2
          16       0.00      0.00      0.00         7
          17       0.00      0.00      0.00         0
          18       0.00      0.00      0.00         0
          19       0.00      0.00      0.00         0

    accuracy                           0.56        34
   macro avg       0.22      0.20      0.20        34
weighted avg       0.51      0.56      0.50        34
