Classification EN Model Metrics

Accuracy: 0.14583333333333334
F1: 0.14305555555555557

              precision    recall  f1-score   support

          78       0.00      0.00      0.00         4
          79       1.00      0.50      0.67         2
          80       0.00      0.00      0.00         0
          81       0.00      0.00      0.00         1
          83       0.00      0.00      0.00         3
          84       0.00      0.00      0.00         1
          85       0.00      0.00      0.00         2
          86       0.00      0.00      0.00         3
          88       1.00      0.50      0.67         4
          89       1.00      0.25      0.40         4
          90       0.08      0.33      0.13         3
          91       0.50      0.50      0.50         2
          93       0.00      0.00      0.00         1
          94       0.25      1.00      0.40         1
          95       0.00      0.00      0.00         1
          98       0.50      1.00      0.67         1
          99       0.00      0.00      0.00         0
         100       1.00      1.00      1.00         1
         102       1.00      1.00      1.00         3
         103       0.00      0.00      0.00         1
         104       0.00      0.00      0.00         1
         105       0.00      0.00      0.00         0
         106       0.00      0.00      0.00         4
         107       0.00      0.00      0.00         5
         108       0.00      0.00      0.00         2
         109       0.00      0.00      0.00         1
         110       0.00      0.00      0.00         0
         111       0.00      0.00      0.00         1
         112       0.00      0.00      0.00         1
         113       0.00      0.00      0.00         1
         114       0.00      0.00      0.00         0
         115       0.00      0.00      0.00         2
         117       0.50      1.00      0.67         1
         118       0.00      0.00      0.00         1
         120       0.33      0.33      0.33         3
         121       0.00      0.00      0.00         1
         122       0.00      0.00      0.00         1
         123       0.00      0.00      0.00         1
         125       0.00      0.00      0.00         4
         127       0.00      0.00      0.00         0
         128       0.00      0.00      0.00         1
         129       0.00      0.00      0.00         2
         131       0.00      0.00      0.00         1
         132       0.00      0.00      0.00         1
         133       0.00      0.00      0.00         0
         134       0.00      0.00      0.00         1
         135       0.00      0.00      0.00         1
         136       0.00      0.00      0.00         8
         137       0.00      0.00      0.00         0
         138       0.00      0.00      0.00         3
         139       0.00      0.00      0.00         1
         140       0.00      0.00      0.00         0
         142       0.00      0.00      0.00         0
         143       0.00      0.00      0.00         0
         144       0.00      0.00      0.00         1
         145       0.00      0.00      0.00         1
         146       0.00      0.00      0.00         1
         148       0.00      0.00      0.00         1
         149       0.00      0.00      0.00         0
         150       0.00      0.00      0.00         1
         151       0.00      0.00      0.00         1
         152       0.00      0.00      0.00         1
         153       0.00      0.00      0.00         2
         154       0.00      0.00      0.00         0

    accuracy                           0.15        96
   macro avg       0.11      0.12      0.10        96
weighted avg       0.18      0.15      0.14        96
