Subcategory classification results

=== Model: LogisticRegression ===
Accuracy: 0.451613
F1 macro: 0.219709
Classification report:
              precision    recall  f1-score   support

           1       0.00      0.00      0.00         1
           2       0.00      0.00      0.00         4
           3       0.71      0.80      0.75        15
           4       0.35      0.40      0.38        15
           6       0.55      0.67      0.60         9
           8       0.00      0.00      0.00         4
           9       0.33      0.50      0.40        10
          10       0.00      0.00      0.00         1
          11       0.00      0.00      0.00         1
          12       0.43      1.00      0.60         3
          13       0.00      0.00      0.00         1
          14       0.00      0.00      0.00         2
          16       0.00      0.00      0.00         3
          18       0.00      0.00      0.00         1
          19       0.40      0.50      0.44         8
          21       0.00      0.00      0.00         1
          23       0.00      0.00      0.00         2
          26       0.50      0.40      0.44         5
          27       0.00      0.00      0.00         2
          28       0.00      0.00      0.00         1
          31       1.00      1.00      1.00         4

    accuracy                           0.45        93
   macro avg       0.20      0.25      0.22        93
weighted avg       0.38      0.45      0.41        93


=== Model: RandomForest ===
Accuracy: 0.440860
F1 macro: 0.173648
Classification report:
              precision    recall  f1-score   support

           1       0.00      0.00      0.00         1
           2       0.00      0.00      0.00         4
           3       0.54      0.87      0.67        15
           4       0.31      0.67      0.43        15
           6       0.60      0.33      0.43         9
           8       0.00      0.00      0.00         4
           9       0.46      0.60      0.52        10
          10       0.00      0.00      0.00         1
          11       0.00      0.00      0.00         1
          12       0.33      0.67      0.44         3
          13       0.00      0.00      0.00         1
          14       0.00      0.00      0.00         2
          16       0.00      0.00      0.00         3
          18       0.00      0.00      0.00         1
          19       0.56      0.62      0.59         8
          21       0.00      0.00      0.00         1
          23       0.00      0.00      0.00         2
          26       0.00      0.00      0.00         5
          27       0.00      0.00      0.00         2
          28       0.00      0.00      0.00         1
          31       0.67      0.50      0.57         4

    accuracy                           0.44        93
   macro avg       0.17      0.20      0.17        93
weighted avg       0.33      0.44      0.36        93


Note: subcategory labels are integer encoded.
